SUA_juxta=[...
'kjx010e02@440-540_m.mat            '
'kjx010h02@291-391_m.mat            '       
'kjx011f02@180-280_m.mat            '
'kjx013k01@450-550_m.mat            '
'kjx013m01@80-180_m.mat             '
'kjx014e02big@110-210_m.mat         '
'kjx014e02small@110-210_m.mat       '
'kjx015d01spliced@0-100_m.mat       '
'kjx017l02@40-140_m.mat             '
'kjx018f02spliced@85-185_m.mat      '
'kjx019a03spliced@65-165_m.mat      '
'kjx019c02@35-135_m.mat             '
'kjx019i01@440-540_m.mat            '
'kjx020e04spliced_big@50-150_m.mat  '
'kjx020e04spliced_small@50-150_m.mat'
'kjx020h03@40-140_m.mat             '
'kjx021g02spliced_big@0-100_m.mat   '
'kjx021g02spliced_small@0-100_m.mat '
'kjx022g02proc_spliced2@0-100_m.mat '
'kjx023p02@520-620_m.mat            '
'kjx024a03@150-250_m.mat            '
'kjx025i02_Spliced5@0-100_m.mat     '
'kjx028j03@0-100_m.mat              '
'kjx028m02@240-340_m.mat            '
'kjx029b02proc_splice4@0-100_m.mat  '
'kjx029g02@40-140_m.mat             '
'kjx030j03_spliced3@0-100_m.mat     '
'kjx034e02@50-150_m.mat             '
'kjx048a01@150-250_m.mat            '
'kjx048b01@100-200_m.mat            '
'kjx048h01@100-200_m.mat            '
'kjx048i01@250-350_m.mat            '
'kjx048k01@130-230_m.mat            '
'kjx048l02@100-200_m.mat            '
'kjx048p01@100-200_m.mat            '
'kjx048q01@120-220_m.mat            '
'kjx048r01@300-400_m.mat            '
'kjx048t01@300-400_m.mat            '
'kjx051j01@100-200_m.mat            '
'kjx051k02spliced@0-100_m.mat       '
'kjx052h01spliced@0-100_m.mat       '
'kjx052i01spliced@0-100_m.mat       '
'kjx055e01spliced@0-100_m.mat       '
'kjx055j01@200-300_m.mat            '
'kjx056i04spliced@0-100_m.mat       '
'kjx060j04_spliced@0-100_m.mat      '
'kjx061h05@250-350_m.mat            '
'kjx061k01@29-129_m.mat             '
'kjx061l02_spliced@0-100_m.mat      '
'kjx061m02@250-350_m.mat            '
'kjx061p01@100-200_m.mat            '
'kjx068l01@100-200_m.mat            '
'kjx068n01@200-300_m.mat            '
'kjx069q03@300-400_m.mat            '
'kjx070i01@340-440_m.mat            '
'kjx071m02_spliced@0-100_m.mat      '
'kjx072l02@80-180_m.mat             '
'kjx073b03spliced@0-100_m.mat       '
'kjx075c01@0-100_m.mat              '
'kjx075m03@510-610_m.mat            '
'kjx077h02spliced@33-133_m.mat      '
'kjx077q01spliced@50-150_m.mat      '
'kjx079e03@460-560_m.mat            '
'kjx079f01@350-450_m.mat            '
'kjx079j01@480-580_m.mat            '
'kjx079l05@350-450_m.mat            '
'kjx080g01@400-500_m.mat            '
'kjx080i02@210-310_m.mat            '
'kjx080n01@80-180_m.mat             '
'kjx080o01@0-100_m.mat              '
'kjx080q01@200-300_m.mat            '
'kjx080t01@300-400_m.mat            '
'kjx081f02spliced@0-100_m.mat       '
'kjx081j01@100-200_m.mat            '];